
5,893 1,909 5,371 2,437 4,542 2,091 0,451 1,003 5,76
1,933 4,34 1,892 5,827 5,455 2,447 5,628
4,97 1,757 5,369 4,297 3,921 2,185 1,632
2,677 0,369 4,471 0,659 1,053 5,059 4,047 1,527 5,76
4,322 5,7 2,366 0,034 1,471 3,636 0,419 5,706
0,399 3,125 3,929 2,149 4,311
0,775 2,332 3,58 1,179 5,218 5,274 2,643 4,897
4,14 4,074 0,553 2,147 5,023 0,393 3,551
4,62 3,86 5,477 2,33 3,874 5,36
2,391 5,984 0,86 5,044 2,272 0,222 0,185 4,556
5,962 2,544 0,429 1,054 2,002 1,81
1,544 0,165 0,215 4,566 5,082 1,908 2,348 3,638
5,743 4,021 5,841 4,155 1,962 4,93
3,866 3,776 3,814 5,281 3,428
5,425 5,431 1,234 3,34 2,021 3,705 2,274
3,501 1,117 1,371 0,066 4,37 2,209
4,609 0,13 3,758 3,662 4,261 4,671 5,83
2,147 5,199 4,959
1,962 3,804 4,807 2,58 0,277 5,45 5,24 2,446
4,121 4,078 5,475 1,318 3,081 2,084 5,114
4,307 1,558 0,078 2,707 5,567 4,921 5,509 2,287
4,804 5,602 2,577 2,487 2,486
0,423 4,252 4,675 4,436 2,932 0,293 1,415
5,439 0,819 0,681 0,381 4,335 3,336 1,73
1,327 3,515 5,265 0,518 1,214 0,932
4,799 0,21 3,467 3,414 3,5
0,931 0,011 5,153 1,414 1,694 1,474 5,378
5,44 2,796 3,448 0,548 1,686 1,801 2,267 2,933
2,915 0,05 5,06 4,605 2,947 4,552 3,325
3,754 4,626 5,138 3,229 0,383 4,324
2,19 5,042 0,724 5,786 0,384 0,38 4,19 0,501
0,544 4,014 1,395 5,037 4 5,686
3,714 0,508 3,685 5,183 3,265 2,023 3,37 4,246
4,165 5,18 0,966 2,079 0,796 0,005
3,714 5,954 4,899 3,81 2,045 2,34
4,683 2,452 1,619 4,264 1,767 3,181
0,772 4,871 5,291 5,471 1,964 4,563 0,119 2,365
0,028 2,183 1,28 5,93 2,891 2,056 1,947
5,437 4,872 4,065 3,409 2,732 2,719
1,371 2,189 5,041 2,93 5,096 5,493 4,941
5,964 0,87 4,782 3,216 5,73 5,946 2,619 5,451
0,019 1,4 3,025 0,63 0,211 0,341 5,379
5,038 3,198 1,868 1,287 4,156 2,459 5,096
0,662 4,11 4,324 4,718 2,938 0,24 4,57 2,875
1,946 3,928 2,481 5,081 4,732 3,244 0,566
5,619 1,77 4,982 2,714 0,32
2,059 4,984 2,741 2,659 2,969 4,754 4,181 5,029 5,591
3,15 2,017 4,098 3,588 1,893 5,232 3,608
4,075 2,876 3,201 1,199 4,272 0,866
